formula=mandelbrot
res=20000.0
xmin=-0.776076
xmax=-0.7272449
ymin=-0.1247166
ymax=-0.0880583